0.98 0.97 0.95 0.97 0.96 0.95 0.94 0.95 0.99 0.95 0.96 0.93 0.92 0.96 0.93 0.90 0.91 0.90 0.80 0.90 0.91 0.86 0.84 0.81 0.86 0.82 0.79 0.76 0.79 0.80 0.80 0.77 0.78 0.76 0.79 0.78 0.78 0.71 0.70 0.79 0.71
0.98 0.95 0.95 0.96 0.95 0.94 0.96 0.96 0.95 0.95 0.92 0.93 0.94 0.92 0.94 0.93 0.89 0.92 0.88 0.86 0.84 0.86 0.84 0.83 0.81 0.80 0.81 0.80 0.78 0.77 0.77 0.81 0.78 0.72 0.76 0.79 0.77 0.74 0.74 0.78 0.78
0.93 0.95 0.96 0.95 0.94 0.93 0.91 0.93 0.90 0.94 0.95 0.92 0.95 0.92 0.88 0.90 0.87 0.83 0.84 0.90 0.84 0.83 0.84 0.80 0.76 0.83 0.77 0.82 0.77 0.77 0.70 0.80 0.71 0.75 0.79 0.76 0.75 0.72 0.73 0.73 0.71
0.94 0.96 0.93 0.95 0.92 0.94 0.91 0.89 0.93 0.93 0.89 0.91 0.94 0.91 0.91 0.90 0.86 0.84 0.88 0.85 0.80 0.83 0.81 0.82 0.78 0.77 0.83 0.77 0.78 0.80 0.77 0.77 0.76 0.77 0.78 0.73 0.78 0.75 0.72 0.77 0.78
0.94 0.92 0.92 0.90 0.92 0.91 0.93 0.91 0.90 0.88 0.91 0.89 0.91 0.89 0.86 0.86 0.82 0.85 0.86 0.83 0.85 0.81 0.83 0.82 0.76 0.82 0.78 0.74 0.77 0.72 0.73 0.74 0.74 0.73 0.70 0.71 0.73 0.80 0.72 0.70 0.69
0.93 0.91 0.91 0.92 0.89 0.92 0.90 0.86 0.89 0.88 0.90 0.88 0.88 0.88 0.84 0.85 0.84 0.81 0.80 0.83 0.78 0.80 0.77 0.77 0.79 0.78 0.76 0.69 0.79 0.71 0.77 0.71 0.72 0.74 0.73 0.73 0.65 0.70 0.74 0.72 0.70
0.90 0.89 0.93 0.89 0.90 0.91 0.88 0.91 0.91 0.88 0.87 0.86 0.85 0.83 0.87 0.84 0.82 0.81 0.78 0.80 0.75 0.80 0.73 0.74 0.78 0.75 0.72 0.76 0.79 0.71 0.71 0.72 0.73 0.71 0.71 0.72 0.72 0.70 0.68 0.68 0.71
0.88 0.88 0.89 0.89 0.91 0.88 0.88 0.85 0.90 0.86 0.88 0.82 0.86 0.82 0.86 0.82 0.78 0.80 0.80 0.79 0.75 0.73 0.74 0.73 0.76 0.75 0.69 0.75 0.70 0.75 0.72 0.74 0.70 0.67 0.74 0.70 0.69 0.70 0.65 0.68 0.70
0.89 0.85 0.89 0.87 0.85 0.89 0.89 0.85 0.89 0.83 0.86 0.84 0.83 0.83 0.79 0.82 0.82 0.78 0.72 0.77 0.74 0.73 0.79 0.80 0.72 0.75 0.76 0.65 0.73 0.69 0.71 0.70 0.72 0.68 0.70 0.70 0.68 0.71 0.65 0.73 0.64
0.87 0.88 0.84 0.88 0.86 0.86 0.83 0.86 0.84 0.82 0.85 0.84 0.82 0.83 0.84 0.79 0.79 0.78 0.76 0.79 0.73 0.77 0.74 0.77 0.73 0.72 0.72 0.74 0.72 0.69 0.70 0.71 0.66 0.63 0.70 0.70 0.70 0.67 0.60 0.70 0.67
0.86 0.86 0.82 0.83 0.83 0.80 0.83 0.84 0.86 0.83 0.83 0.78 0.81 0.82 0.76 0.80 0.79 0.79 0.77 0.77 0.75 0.77 0.71 0.72 0.70 0.72 0.70 0.72 0.70 0.71 0.69 0.70 0.68 0.66 0.68 0.71 0.67 0.68 0.73 0.74 0.68
0.85 0.84 0.84 0.83 0.82 0.86 0.85 0.83 0.83 0.85 0.82 0.82 0.81 0.79 0.78 0.73 0.78 0.73 0.76 0.72 0.73 0.76 0.71 0.77 0.71 0.65 0.72 0.70 0.73 0.74 0.71 0.70 0.69 0.70 0.71 0.72 0.68 0.65 0.70 0.63 0.69
0.83 0.81 0.83 0.82 0.81 0.84 0.81 0.83 0.82 0.80 0.81 0.84 0.80 0.74 0.77 0.78 0.80 0.73 0.75 0.78 0.74 0.73 0.71 0.74 0.76 0.72 0.70 0.73 0.74 0.74 0.65 0.70 0.64 0.64 0.69 0.64 0.66 0.69 0.68 0.69 0.70
0.79 0.82 0.80 0.83 0.83 0.81 0.80 0.80 0.80 0.81 0.76 0.78 0.73 0.78 0.76 0.75 0.73 0.71 0.76 0.78 0.73 0.72 0.77 0.75 0.65 0.69 0.66 0.69 0.70 0.69 0.67 0.68 0.71 0.66 0.70 0.69 0.65 0.69 0.68 0.62 0.65
0.82 0.80 0.81 0.81 0.79 0.80 0.78 0.82 0.74 0.80 0.77 0.78 0.79 0.76 0.76 0.70 0.72 0.72 0.73 0.75 0.74 0.74 0.72 0.70 0.73 0.71 0.73 0.69 0.68 0.70 0.68 0.70 0.67 0.65 0.66 0.65 0.67 0.66 0.65 0.65 0.64
0.79 0.80 0.80 0.81 0.80 0.81 0.80 0.79 0.80 0.73 0.79 0.75 0.79 0.71 0.71 0.73 0.70 0.75 0.75 0.71 0.69 0.66 0.71 0.70 0.68 0.67 0.71 0.67 0.67 0.70 0.70 0.70 0.67 0.66 0.64 0.61 0.67 0.67 0.58 0.67 0.66
0.79 0.76 0.78 0.79 0.79 0.78 0.77 0.79 0.77 0.78 0.76 0.74 0.76 0.74 0.74 0.74 0.76 0.70 0.70 0.71 0.70 0.72 0.72 0.68 0.69 0.71 0.67 0.68 0.70 0.67 0.68 0.64 0.65 0.64 0.62 0.69 0.65 0.62 0.63 0.62 0.64
0.77 0.78 0.78 0.76 0.82 0.82 0.74 0.81 0.78 0.80 0.76 0.76 0.73 0.70 0.77 0.73 0.75 0.71 0.69 0.69 0.72 0.65 0.67 0.68 0.67 0.66 0.61 0.69 0.70 0.67 0.62 0.62 0.62 0.62 0.65 0.62 0.60 0.68 0.64 0.68 0.63
0.80 0.78 0.78 0.77 0.76 0.77 0.73 0.79 0.74 0.73 0.76 0.72 0.73 0.74 0.73 0.71 0.76 0.74 0.68 0.75 0.68 0.67 0.69 0.66 0.63 0.66 0.70 0.69 0.59 0.64 0.67 0.65 0.64 0.67 0.68 0.63 0.61 0.68 0.62 0.61 0.68
0.74 0.75 0.78 0.80 0.73 0.78 0.74 0.79 0.76 0.76 0.76 0.73 0.73 0.71 0.74 0.75 0.73 0.68 0.66 0.71 0.65 0.66 0.68 0.67 0.66 0.67 0.63 0.71 0.65 0.64 0.67 0.70 0.65 0.60 0.62 0.61 0.65 0.65 0.65 0.62 0.62
0.77 0.80 0.77 0.73 0.73 0.74 0.76 0.74 0.72 0.72 0.73 0.72 0.73 0.69 0.74 0.74 0.71 0.68 0.67 0.69 0.69 0.67 0.65 0.60 0.61 0.66 0.67 0.65 0.69 0.61 0.59 0.64 0.66 0.64 0.60 0.67 0.66 0.65 0.60 0.62 0.65
0.73 0.77 0.71 0.73 0.74 0.72 0.80 0.75 0.76 0.74 0.70 0.76 0.70 0.70 0.72 0.67 0.68 0.69 0.66 0.66 0.65 0.65 0.68 0.62 0.61 0.62 0.63 0.65 0.67 0.63 0.62 0.66 0.61 0.63 0.67 0.64 0.62 0.66 0.60 0.61 0.58
0.77 0.73 0.73 0.74 0.73 0.74 0.71 0.74 0.73 0.71 0.74 0.71 0.67 0.70 0.71 0.64 0.67 0.61 0.69 0.64 0.69 0.69 0.70 0.66 0.63 0.67 0.64 0.68 0.64 0.64 0.62 0.61 0.66 0.62 0.61 0.61 0.66 0.61 0.59 0.62 0.58
0.73 0.74 0.76 0.69 0.75 0.78 0.73 0.73 0.69 0.73 0.71 0.71 0.72 0.71 0.65 0.69 0.66 0.64 0.69 0.65 0.62 0.62 0.66 0.60 0.62 0.63 0.67 0.63 0.61 0.64 0.62 0.60 0.62 0.62 0.56 0.64 0.64 0.61 0.59 0.64 0.62
0.73 0.71 0.74 0.72 0.70 0.74 0.73 0.70 0.70 0.67 0.66 0.72 0.66 0.71 0.65 0.69 0.68 0.68 0.67 0.64 0.66 0.64 0.67 0.60 0.68 0.62 0.61 0.65 0.58 0.63 0.62 0.61 0.58 0.64 0.60 0.65 0.61 0.62 0.60 0.60 0.61
0.72 0.72 0.76 0.71 0.71 0.71 0.72 0.71 0.70 0.69 0.66 0.68 0.67 0.68 0.63 0.70 0.67 0.64 0.70 0.65 0.64 0.61 0.58 0.61 0.66 0.62 0.65 0.65 0.60 0.65 0.62 0.59 0.56 0.59 0.63 0.59 0.58 0.65 0.57 0.59 0.57
0.70 0.74 0.69 0.72 0.73 0.71 0.69 0.71 0.69 0.68 0.70 0.72 0.65 0.70 0.67 0.60 0.63 0.62 0.68 0.67 0.67 0.67 0.60 0.56 0.66 0.62 0.64 0.61 0.59 0.59 0.58 0.61 0.61 0.61 0.59 0.61 0.55 0.56 0.62 0.64 0.63
0.72 0.71 0.72 0.69 0.71 0.68 0.72 0.69 0.70 0.70 0.69 0.70 0.70 0.68 0.69 0.69 0.66 0.67 0.66 0.65 0.62 0.62 0.57 0.64 0.64 0.64 0.58 0.63 0.60 0.65 0.60 0.61 0.61 0.65 0.64 0.62 0.58 0.59 0.60 0.62 0.55
0.69 0.73 0.70 0.68 0.72 0.69 0.69 0.71 0.65 0.65 0.64 0.64 0.67 0.67 0.62 0.68 0.67 0.59 0.66 0.61 0.61 0.69 0.60 0.58 0.56 0.60 0.60 0.61 0.56 0.62 0.62 0.60 0.59 0.57 0.55 0.56 0.55 0.57 0.65 0.61 0.57
0.69 0.68 0.68 0.69 0.69 0.69 0.68 0.69 0.70 0.67 0.67 0.66 0.65 0.65 0.64 0.61 0.61 0.61 0.59 0.64 0.64 0.63 0.57 0.57 0.62 0.60 0.59 0.56 0.64 0.60 0.60 0.63 0.62 0.59 0.59 0.59 0.58 0.56 0.57 0.57 0.65
0.67 0.69 0.70 0.69 0.71 0.67 0.68 0.62 0.66 0.70 0.68 0.69 0.57 0.64 0.67 0.65 0.58 0.66 0.63 0.61 0.64 0.62 0.60 0.66 0.58 0.62 0.63 0.60 0.58 0.57 0.59 0.58 0.58 0.55 0.62 0.58 0.58 0.57 0.56 0.59 0.57
0.67 0.67 0.69 0.71 0.68 0.68 0.66 0.69 0.62 0.66 0.67 0.67 0.66 0.65 0.64 0.62 0.64 0.62 0.56 0.65 0.62 0.61 0.63 0.59 0.59 0.59 0.57 0.61 0.59 0.58 0.60 0.61 0.53 0.60 0.59 0.62 0.62 0.58 0.54 0.60 0.62
0.66 0.68 0.68 0.68 0.68 0.66 0.70 0.66 0.67 0.67 0.67 0.67 0.67 0.66 0.61 0.60 0.57 0.63 0.59 0.60 0.61 0.62 0.56 0.55 0.61 0.59 0.61 0.56 0.57 0.57 0.60 0.60 0.58 0.58 0.56 0.57 0.60 0.59 0.56 0.53 0.59
0.66 0.68 0.65 0.66 0.68 0.64 0.65 0.67 0.66 0.65 0.65 0.65 0.65 0.68 0.61 0.57 0.65 0.59 0.58 0.61 0.58 0.61 0.61 0.60 0.56 0.54 0.59 0.54 0.56 0.59 0.56 0.59 0.59 0.55 0.55 0.56 0.59 0.55 0.56 0.54 0.61
0.67 0.64 0.67 0.66 0.65 0.64 0.67 0.67 0.69 0.61 0.61 0.60 0.67 0.60 0.60 0.61 0.61 0.60 0.60 0.59 0.59 0.57 0.60 0.58 0.59 0.60 0.58 0.56 0.60 0.60 0.61 0.57 0.64 0.56 0.59 0.56 0.55 0.55 0.54 0.56 0.56
0.66 0.66 0.67 0.69 0.65 0.65 0.70 0.70 0.64 0.65 0.64 0.65 0.59 0.61 0.62 0.62 0.60 0.62 0.60 0.59 0.60 0.59 0.55 0.60 0.62 0.60 0.58 0.56 0.58 0.57 0.57 0.55 0.56 0.59 0.58 0.56 0.52 0.57 0.57 0.54 0.54
0.62 0.66 0.62 0.62 0.62 0.65 0.62 0.65 0.62 0.68 0.61 0.66 0.61 0.59 0.61 0.58 0.58 0.62 0.61 0.57 0.58 0.57 0.59 0.55 0.53 0.56 0.60 0.60 0.57 0.58 0.55 0.56 0.56 0.54 0.57 0.58 0.61 0.56 0.56 0.54 0.55
0.61 0.64 0.65 0.63 0.65 0.64 0.65 0.65 0.61 0.68 0.60 0.61 0.62 0.62 0.60 0.57 0.59 0.59 0.56 0.58 0.59 0.61 0.64 0.61 0.56 0.56 0.56 0.52 0.59 0.59 0.59 0.57 0.53 0.56 0.55 0.56 0.54 0.56 0.56 0.56 0.56
0.65 0.64 0.62 0.65 0.66 0.66 0.62 0.62 0.65 0.64 0.61 0.60 0.60 0.61 0.57 0.60 0.60 0.58 0.56 0.62 0.60 0.57 0.55 0.57 0.56 0.56 0.60 0.57 0.54 0.59 0.60 0.55 0.56 0.60 0.59 0.55 0.55 0.56 0.56 0.60 0.56
0.62 0.64 0.57 0.62 0.64 0.64 0.64 0.66 0.59 0.67 0.61 0.59 0.58 0.58 0.59 0.55 0.56 0.59 0.58 0.58 0.57 0.58 0.59 0.58 0.58 0.60 0.59 0.56 0.57 0.56 0.54 0.61 0.55 0.56 0.58 0.54 0.55 0.56 0.54 0.56 0.56
0.62 0.64 0.62 0.64 0.62 0.61 0.59 0.61 0.61 0.60 0.61 0.64 0.57 0.60 0.61 0.60 0.60 0.58 0.60 0.54 0.56 0.52 0.59 0.55 0.54 0.55 0.53 0.56 0.56 0.57 0.55 0.53 0.60 0.58 0.56 0.52 0.54 0.56 0.54 0.54 0.53
