0.99 1.00 0.98 1.00 0.99 1.00 0.98 0.98 1.00 0.99 0.98 0.99 0.99 1.00 0.98 0.97 0.92 0.94 0.99 0.97 0.98 0.99 0.92 0.89 0.72 0.86 0.66 0.68 0.70 0.67 0.67 0.67 0.69 0.67 0.66 0.65 0.68 0.66 0.66 0.64 0.68
0.97 0.99 0.98 0.99 0.98 0.99 0.98 0.97 0.99 0.98 0.96 0.98 0.98 0.99 0.97 0.96 0.98 0.98 0.95 0.97 0.91 0.85 0.91 0.79 0.73 0.71 0.83 0.68 0.66 0.68 0.69 0.70 0.68 0.69 0.67 0.66 0.63 0.67 0.66 0.63 0.67
0.98 0.98 0.97 0.98 0.97 0.98 0.98 0.98 0.97 0.95 0.97 0.97 0.96 0.97 0.97 0.96 0.95 0.94 0.95 0.83 0.97 0.90 0.94 0.81 0.95 0.84 0.71 0.68 0.64 0.65 0.69 0.66 0.66 0.65 0.67 0.68 0.65 0.65 0.63 0.63 0.68
0.94 0.94 0.96 0.96 0.96 0.95 0.95 0.96 0.97 0.97 0.96 0.96 0.96 0.95 0.95 0.92 0.92 0.96 0.90 0.91 0.81 0.73 0.73 0.91 0.71 0.73 0.72 0.66 0.62 0.66 0.68 0.63 0.65 0.69 0.66 0.65 0.67 0.64 0.65 0.65 0.65
0.95 0.94 0.94 0.94 0.91 0.95 0.93 0.94 0.93 0.90 0.93 0.92 0.90 0.92 0.92 0.92 0.90 0.89 0.89 0.92 0.70 0.91 0.69 0.70 0.64 0.71 0.68 0.66 0.64 0.70 0.70 0.68 0.66 0.65 0.63 0.63 0.64 0.68 0.66 0.62 0.64
0.94 0.93 0.94 0.93 0.93 0.92 0.93 0.94 0.94 0.92 0.92 0.93 0.92 0.92 0.88 0.91 0.91 0.83 0.88 0.77 0.85 0.91 0.84 0.79 0.65 0.70 0.64 0.66 0.66 0.68 0.67 0.63 0.65 0.68 0.62 0.65 0.59 0.61 0.67 0.63 0.65
0.92 0.94 0.91 0.93 0.91 0.93 0.92 0.91 0.90 0.91 0.92 0.93 0.90 0.90 0.90 0.88 0.89 0.88 0.88 0.79 0.84 0.75 0.79 0.77 0.77 0.67 0.70 0.64 0.66 0.65 0.64 0.68 0.64 0.65 0.63 0.63 0.64 0.63 0.65 0.58 0.64
0.92 0.92 0.90 0.91 0.93 0.90 0.93 0.91 0.89 0.90 0.87 0.90 0.91 0.89 0.90 0.88 0.89 0.88 0.85 0.84 0.82 0.78 0.67 0.85 0.71 0.71 0.65 0.66 0.61 0.66 0.63 0.61 0.65 0.63 0.66 0.63 0.61 0.61 0.62 0.64 0.68
0.88 0.89 0.89 0.91 0.88 0.89 0.88 0.90 0.90 0.90 0.90 0.89 0.81 0.89 0.87 0.89 0.86 0.83 0.81 0.85 0.83 0.77 0.78 0.63 0.70 0.61 0.73 0.63 0.65 0.69 0.66 0.64 0.63 0.64 0.60 0.62 0.65 0.65 0.64 0.64 0.63
0.86 0.90 0.90 0.89 0.88 0.87 0.88 0.88 0.91 0.93 0.85 0.88 0.86 0.84 0.86 0.87 0.87 0.81 0.80 0.83 0.81 0.69 0.64 0.67 0.66 0.84 0.65 0.64 0.66 0.64 0.64 0.66 0.63 0.70 0.61 0.65 0.63 0.64 0.64 0.66 0.60
0.89 0.87 0.89 0.86 0.87 0.87 0.89 0.88 0.87 0.89 0.88 0.87 0.87 0.82 0.85 0.84 0.86 0.85 0.86 0.83 0.82 0.70 0.72 0.63 0.75 0.62 0.62 0.63 0.62 0.66 0.63 0.64 0.66 0.66 0.65 0.63 0.64 0.67 0.62 0.62 0.62
0.88 0.88 0.85 0.89 0.84 0.84 0.84 0.88 0.84 0.88 0.85 0.83 0.86 0.84 0.84 0.85 0.79 0.87 0.77 0.84 0.69 0.82 0.72 0.68 0.66 0.64 0.65 0.64 0.63 0.64 0.64 0.63 0.66 0.66 0.62 0.60 0.65 0.63 0.71 0.65 0.62
0.86 0.88 0.83 0.82 0.85 0.84 0.88 0.85 0.86 0.84 0.87 0.83 0.87 0.77 0.78 0.80 0.79 0.82 0.76 0.79 0.70 0.62 0.74 0.73 0.66 0.65 0.64 0.65 0.68 0.63 0.63 0.63 0.61 0.63 0.61 0.62 0.57 0.63 0.65 0.58 0.62
0.84 0.83 0.85 0.82 0.84 0.85 0.87 0.84 0.81 0.84 0.82 0.84 0.85 0.83 0.75 0.78 0.80 0.76 0.72 0.77 0.77 0.67 0.67 0.64 0.66 0.64 0.67 0.68 0.66 0.60 0.62 0.62 0.59 0.60 0.61 0.60 0.65 0.60 0.60 0.64 0.60
0.82 0.84 0.85 0.83 0.83 0.81 0.86 0.87 0.84 0.84 0.79 0.79 0.84 0.85 0.81 0.75 0.75 0.77 0.72 0.73 0.71 0.65 0.68 0.68 0.66 0.66 0.72 0.63 0.60 0.60 0.60 0.64 0.59 0.63 0.62 0.63 0.64 0.65 0.60 0.60 0.62
0.84 0.85 0.82 0.81 0.84 0.80 0.83 0.86 0.84 0.82 0.83 0.80 0.83 0.79 0.72 0.83 0.76 0.76 0.67 0.69 0.75 0.68 0.69 0.65 0.65 0.62 0.66 0.60 0.62 0.66 0.61 0.62 0.68 0.65 0.65 0.60 0.63 0.61 0.61 0.64 0.62
0.81 0.82 0.83 0.80 0.79 0.84 0.82 0.83 0.83 0.75 0.82 0.82 0.79 0.80 0.73 0.75 0.73 0.80 0.73 0.59 0.73 0.72 0.70 0.66 0.63 0.67 0.62 0.58 0.60 0.63 0.53 0.63 0.61 0.59 0.61 0.61 0.62 0.59 0.61 0.66 0.63
0.82 0.82 0.83 0.82 0.79 0.83 0.79 0.84 0.79 0.79 0.83 0.81 0.81 0.76 0.79 0.74 0.72 0.69 0.70 0.62 0.70 0.62 0.63 0.62 0.65 0.60 0.66 0.65 0.63 0.63 0.68 0.64 0.63 0.61 0.59 0.62 0.62 0.62 0.62 0.64 0.60
0.80 0.82 0.81 0.79 0.82 0.82 0.77 0.77 0.78 0.83 0.82 0.77 0.80 0.79 0.76 0.69 0.77 0.69 0.72 0.66 0.68 0.64 0.64 0.62 0.62 0.61 0.64 0.59 0.67 0.63 0.63 0.63 0.57 0.66 0.64 0.64 0.64 0.62 0.56 0.60 0.61
0.82 0.79 0.80 0.80 0.80 0.77 0.81 0.80 0.76 0.80 0.79 0.79 0.76 0.72 0.85 0.78 0.67 0.65 0.73 0.69 0.68 0.73 0.62 0.64 0.70 0.64 0.58 0.65 0.64 0.62 0.65 0.62 0.64 0.60 0.62 0.66 0.60 0.66 0.55 0.56 0.63
0.76 0.78 0.80 0.82 0.78 0.76 0.78 0.76 0.74 0.74 0.78 0.73 0.81 0.77 0.75 0.74 0.71 0.68 0.72 0.66 0.67 0.61 0.63 0.64 0.64 0.64 0.59 0.64 0.61 0.59 0.64 0.63 0.63 0.57 0.62 0.60 0.61 0.65 0.62 0.54 0.64
0.77 0.81 0.78 0.76 0.77 0.79 0.79 0.76 0.78 0.77 0.78 0.78 0.76 0.73 0.73 0.77 0.77 0.70 0.64 0.61 0.66 0.69 0.61 0.59 0.64 0.63 0.66 0.62 0.63 0.65 0.63 0.58 0.59 0.60 0.59 0.63 0.61 0.61 0.55 0.63 0.63
0.79 0.74 0.78 0.76 0.76 0.77 0.74 0.77 0.77 0.77 0.73 0.76 0.75 0.72 0.73 0.70 0.65 0.72 0.61 0.66 0.64 0.60 0.63 0.61 0.65 0.65 0.63 0.60 0.58 0.59 0.59 0.57 0.62 0.61 0.61 0.62 0.61 0.61 0.63 0.63 0.61
0.72 0.74 0.74 0.75 0.81 0.79 0.75 0.78 0.79 0.80 0.74 0.72 0.69 0.73 0.76 0.63 0.66 0.71 0.64 0.63 0.66 0.67 0.68 0.61 0.61 0.62 0.63 0.57 0.61 0.65 0.58 0.66 0.64 0.64 0.58 0.65 0.60 0.63 0.54 0.60 0.58
0.75 0.74 0.76 0.76 0.71 0.76 0.75 0.75 0.74 0.78 0.72 0.70 0.70 0.68 0.71 0.73 0.64 0.68 0.63 0.63 0.65 0.66 0.65 0.62 0.68 0.61 0.68 0.62 0.61 0.64 0.59 0.62 0.61 0.63 0.51 0.64 0.59 0.60 0.57 0.57 0.61
0.72 0.76 0.72 0.71 0.76 0.72 0.74 0.74 0.73 0.76 0.76 0.71 0.71 0.74 0.67 0.64 0.70 0.63 0.65 0.64 0.66 0.66 0.58 0.60 0.65 0.64 0.67 0.64 0.58 0.63 0.65 0.58 0.59 0.59 0.63 0.60 0.61 0.62 0.68 0.57 0.63
0.73 0.72 0.75 0.74 0.73 0.75 0.72 0.77 0.72 0.78 0.72 0.72 0.77 0.68 0.67 0.70 0.63 0.69 0.64 0.63 0.60 0.64 0.63 0.62 0.61 0.64 0.63 0.61 0.65 0.63 0.59 0.63 0.58 0.59 0.58 0.63 0.60 0.58 0.58 0.58 0.58
0.74 0.70 0.71 0.76 0.71 0.72 0.72 0.72 0.73 0.75 0.71 0.71 0.69 0.69 0.73 0.68 0.68 0.65 0.61 0.61 0.64 0.62 0.66 0.62 0.62 0.62 0.62 0.61 0.65 0.64 0.65 0.64 0.59 0.57 0.61 0.58 0.68 0.55 0.63 0.62 0.63
0.69 0.73 0.74 0.74 0.71 0.72 0.74 0.74 0.73 0.70 0.71 0.68 0.67 0.69 0.68 0.70 0.67 0.71 0.70 0.57 0.61 0.60 0.61 0.64 0.62 0.63 0.57 0.57 0.60 0.61 0.59 0.60 0.61 0.63 0.61 0.63 0.64 0.61 0.60 0.55 0.59
0.68 0.68 0.68 0.67 0.70 0.71 0.71 0.70 0.70 0.75 0.73 0.71 0.68 0.71 0.66 0.65 0.65 0.62 0.61 0.64 0.63 0.64 0.63 0.62 0.65 0.59 0.65 0.63 0.60 0.61 0.56 0.59 0.59 0.60 0.56 0.58 0.59 0.61 0.59 0.59 0.63
0.71 0.70 0.71 0.72 0.68 0.67 0.69 0.70 0.69 0.72 0.72 0.72 0.74 0.62 0.69 0.66 0.66 0.64 0.59 0.60 0.58 0.59 0.62 0.64 0.60 0.57 0.63 0.60 0.62 0.65 0.58 0.57 0.57 0.61 0.60 0.57 0.61 0.57 0.57 0.58 0.59
0.72 0.67 0.69 0.72 0.70 0.70 0.68 0.72 0.72 0.68 0.74 0.71 0.67 0.64 0.65 0.64 0.66 0.60 0.61 0.64 0.65 0.64 0.65 0.58 0.62 0.60 0.58 0.63 0.56 0.62 0.55 0.58 0.57 0.55 0.63 0.57 0.56 0.57 0.53 0.59 0.56
0.67 0.70 0.70 0.70 0.67 0.70 0.71 0.69 0.66 0.70 0.71 0.68 0.65 0.67 0.66 0.63 0.68 0.64 0.65 0.65 0.63 0.62 0.61 0.60 0.69 0.56 0.58 0.62 0.61 0.59 0.61 0.56 0.57 0.62 0.60 0.57 0.58 0.59 0.56 0.56 0.57
0.70 0.71 0.68 0.70 0.69 0.62 0.72 0.73 0.66 0.71 0.69 0.68 0.69 0.71 0.60 0.69 0.63 0.65 0.66 0.65 0.62 0.67 0.62 0.63 0.61 0.62 0.55 0.61 0.61 0.65 0.61 0.64 0.55 0.60 0.59 0.64 0.59 0.61 0.64 0.58 0.60
0.67 0.67 0.67 0.69 0.73 0.73 0.69 0.70 0.69 0.71 0.65 0.67 0.62 0.68 0.62 0.64 0.66 0.64 0.62 0.61 0.64 0.62 0.61 0.62 0.61 0.60 0.59 0.58 0.64 0.62 0.59 0.57 0.57 0.61 0.58 0.58 0.57 0.60 0.62 0.63 0.58
0.67 0.69 0.70 0.69 0.65 0.68 0.72 0.74 0.66 0.65 0.74 0.71 0.66 0.67 0.69 0.63 0.66 0.61 0.65 0.64 0.61 0.64 0.59 0.62 0.61 0.63 0.59 0.58 0.61 0.58 0.58 0.58 0.59 0.57 0.67 0.59 0.59 0.63 0.55 0.59 0.62
0.69 0.66 0.70 0.64 0.67 0.67 0.66 0.65 0.71 0.65 0.68 0.73 0.71 0.64 0.67 0.60 0.63 0.70 0.58 0.61 0.62 0.67 0.59 0.63 0.63 0.57 0.66 0.60 0.57 0.56 0.64 0.63 0.57 0.55 0.62 0.59 0.59 0.62 0.54 0.60 0.54
0.63 0.64 0.66 0.71 0.64 0.68 0.65 0.69 0.72 0.69 0.68 0.68 0.64 0.62 0.65 0.60 0.62 0.59 0.61 0.62 0.62 0.58 0.58 0.65 0.56 0.63 0.60 0.55 0.58 0.62 0.60 0.57 0.61 0.59 0.61 0.59 0.63 0.62 0.57 0.62 0.60
0.66 0.66 0.61 0.66 0.64 0.67 0.68 0.69 0.72 0.65 0.66 0.60 0.60 0.74 0.61 0.59 0.63 0.63 0.67 0.63 0.64 0.61 0.61 0.59 0.60 0.56 0.61 0.60 0.62 0.59 0.59 0.59 0.57 0.59 0.53 0.56 0.61 0.59 0.60 0.59 0.59
0.66 0.65 0.66 0.63 0.66 0.69 0.63 0.63 0.66 0.71 0.69 0.60 0.69 0.61 0.70 0.68 0.62 0.60 0.61 0.63 0.60 0.63 0.65 0.58 0.62 0.57 0.59 0.59 0.53 0.52 0.61 0.55 0.61 0.55 0.65 0.58 0.54 0.62 0.60 0.60 0.57
0.64 0.65 0.67 0.63 0.67 0.66 0.60 0.70 0.61 0.72 0.63 0.67 0.63 0.63 0.66 0.64 0.60 0.64 0.63 0.60 0.61 0.64 0.61 0.57 0.66 0.62 0.56 0.59 0.56 0.61 0.62 0.60 0.60 0.55 0.59 0.56 0.60 0.61 0.60 0.60 0.57
