0.72 0.77 0.71 0.77 0.60 0.72 0.66 0.70 0.69 0.70 0.59 0.62 0.72 0.62 0.57 0.71 0.68 0.66 0.63 0.62 0.65 0.70 0.65 0.61 0.68 0.59 0.67 0.66 0.62 0.63 0.62 0.61 0.63 0.59 0.60 0.57 0.59 0.57 0.58 0.62 0.54
0.76 0.69 0.73 0.72 0.72 0.67 0.69 0.61 0.64 0.65 0.58 0.66 0.56 0.66 0.68 0.67 0.71 0.63 0.68 0.65 0.66 0.62 0.58 0.66 0.64 0.65 0.66 0.56 0.63 0.68 0.69 0.62 0.60 0.55 0.57 0.61 0.54 0.56 0.57 0.62 0.62
0.69 0.70 0.69 0.70 0.70 0.69 0.64 0.65 0.70 0.62 0.72 0.66 0.66 0.71 0.67 0.68 0.64 0.70 0.61 0.58 0.62 0.65 0.66 0.60 0.57 0.57 0.60 0.69 0.55 0.55 0.54 0.62 0.62 0.54 0.60 0.57 0.56 0.61 0.67 0.62 0.59
0.73 0.70 0.67 0.69 0.65 0.64 0.57 0.67 0.68 0.64 0.63 0.68 0.68 0.66 0.67 0.63 0.70 0.70 0.62 0.64 0.59 0.61 0.65 0.64 0.63 0.57 0.56 0.62 0.59 0.62 0.57 0.59 0.59 0.58 0.61 0.57 0.54 0.63 0.60 0.55 0.55
0.67 0.71 0.70 0.76 0.66 0.66 0.70 0.69 0.61 0.64 0.68 0.68 0.64 0.66 0.61 0.63 0.61 0.67 0.60 0.64 0.61 0.61 0.56 0.64 0.57 0.61 0.59 0.61 0.63 0.58 0.61 0.62 0.55 0.62 0.53 0.56 0.55 0.60 0.51 0.58 0.55
0.70 0.68 0.71 0.66 0.61 0.73 0.67 0.61 0.65 0.57 0.70 0.62 0.71 0.60 0.68 0.63 0.73 0.69 0.58 0.59 0.57 0.56 0.58 0.60 0.60 0.56 0.57 0.53 0.58 0.53 0.63 0.54 0.57 0.52 0.58 0.61 0.53 0.60 0.57 0.58 0.53
0.70 0.74 0.76 0.69 0.74 0.63 0.69 0.69 0.59 0.65 0.62 0.68 0.61 0.63 0.69 0.53 0.67 0.57 0.62 0.58 0.62 0.68 0.63 0.59 0.60 0.58 0.60 0.58 0.62 0.56 0.56 0.54 0.61 0.56 0.60 0.55 0.55 0.61 0.64 0.59 0.55
0.71 0.69 0.70 0.65 0.74 0.58 0.65 0.69 0.60 0.65 0.67 0.71 0.64 0.65 0.64 0.67 0.59 0.65 0.62 0.61 0.57 0.62 0.63 0.54 0.53 0.64 0.62 0.56 0.57 0.61 0.58 0.68 0.53 0.57 0.64 0.55 0.53 0.60 0.56 0.59 0.58
0.68 0.70 0.71 0.57 0.64 0.64 0.59 0.67 0.67 0.69 0.62 0.66 0.65 0.62 0.63 0.60 0.63 0.53 0.53 0.53 0.56 0.58 0.59 0.59 0.58 0.56 0.57 0.59 0.59 0.54 0.60 0.55 0.56 0.58 0.59 0.62 0.56 0.56 0.57 0.52 0.59
0.61 0.66 0.69 0.66 0.66 0.68 0.65 0.63 0.61 0.65 0.59 0.60 0.64 0.65 0.57 0.62 0.62 0.60 0.58 0.60 0.59 0.64 0.60 0.68 0.60 0.61 0.60 0.55 0.58 0.64 0.58 0.58 0.49 0.59 0.53 0.56 0.58 0.61 0.57 0.61 0.58
0.64 0.68 0.66 0.67 0.63 0.61 0.67 0.62 0.62 0.56 0.64 0.64 0.63 0.63 0.60 0.60 0.60 0.57 0.60 0.57 0.60 0.67 0.61 0.58 0.57 0.54 0.57 0.59 0.52 0.63 0.62 0.53 0.55 0.51 0.53 0.55 0.54 0.60 0.59 0.53 0.60
0.66 0.66 0.66 0.73 0.58 0.67 0.63 0.64 0.68 0.61 0.72 0.71 0.67 0.60 0.57 0.59 0.61 0.56 0.63 0.60 0.65 0.64 0.52 0.56 0.55 0.57 0.64 0.57 0.56 0.57 0.53 0.53 0.58 0.61 0.52 0.51 0.55 0.48 0.53 0.54 0.58
0.70 0.70 0.68 0.62 0.69 0.63 0.66 0.68 0.66 0.63 0.61 0.57 0.62 0.63 0.61 0.59 0.60 0.61 0.54 0.57 0.58 0.64 0.58 0.55 0.51 0.57 0.56 0.54 0.52 0.57 0.52 0.54 0.54 0.56 0.54 0.58 0.60 0.55 0.54 0.61 0.52
0.67 0.66 0.65 0.64 0.65 0.63 0.61 0.61 0.60 0.66 0.53 0.65 0.60 0.68 0.67 0.56 0.63 0.54 0.55 0.63 0.65 0.58 0.59 0.59 0.62 0.61 0.59 0.63 0.59 0.56 0.60 0.55 0.52 0.60 0.55 0.53 0.51 0.50 0.55 0.60 0.53
0.66 0.59 0.71 0.63 0.58 0.61 0.66 0.62 0.59 0.56 0.57 0.60 0.67 0.59 0.56 0.61 0.56 0.59 0.58 0.57 0.56 0.55 0.53 0.60 0.53 0.58 0.54 0.62 0.57 0.56 0.60 0.59 0.55 0.54 0.53 0.51 0.52 0.56 0.55 0.55 0.59
0.63 0.64 0.64 0.64 0.63 0.69 0.60 0.64 0.62 0.62 0.61 0.63 0.64 0.60 0.65 0.56 0.56 0.59 0.49 0.57 0.58 0.56 0.60 0.59 0.58 0.54 0.57 0.56 0.53 0.53 0.55 0.51 0.54 0.58 0.49 0.57 0.57 0.50 0.53 0.57 0.51
0.60 0.60 0.69 0.62 0.65 0.69 0.62 0.57 0.62 0.60 0.69 0.50 0.63 0.56 0.54 0.54 0.66 0.56 0.59 0.53 0.52 0.53 0.62 0.59 0.62 0.54 0.53 0.52 0.52 0.59 0.60 0.55 0.57 0.64 0.59 0.56 0.54 0.53 0.56 0.54 0.52
0.62 0.67 0.60 0.58 0.63 0.58 0.56 0.60 0.60 0.58 0.64 0.66 0.61 0.59 0.56 0.51 0.61 0.61 0.56 0.60 0.56 0.54 0.57 0.55 0.58 0.53 0.55 0.45 0.57 0.55 0.57 0.50 0.54 0.60 0.60 0.53 0.54 0.53 0.56 0.53 0.54
0.59 0.58 0.58 0.61 0.60 0.60 0.60 0.60 0.52 0.63 0.58 0.63 0.62 0.59 0.56 0.60 0.60 0.58 0.55 0.56 0.53 0.63 0.53 0.55 0.53 0.52 0.57 0.60 0.55 0.59 0.59 0.55 0.55 0.53 0.56 0.55 0.52 0.57 0.57 0.49 0.54
0.67 0.60 0.72 0.64 0.66 0.56 0.65 0.60 0.55 0.64 0.59 0.58 0.61 0.64 0.56 0.55 0.64 0.54 0.58 0.57 0.53 0.58 0.59 0.59 0.56 0.55 0.55 0.61 0.55 0.54 0.58 0.54 0.53 0.51 0.57 0.59 0.53 0.51 0.55 0.53 0.58
0.62 0.59 0.59 0.64 0.60 0.62 0.63 0.64 0.61 0.61 0.64 0.59 0.55 0.63 0.55 0.59 0.64 0.61 0.56 0.57 0.52 0.52 0.56 0.54 0.53 0.53 0.55 0.54 0.53 0.52 0.57 0.55 0.54 0.53 0.57 0.56 0.55 0.60 0.53 0.55 0.51
0.61 0.58 0.56 0.56 0.55 0.59 0.61 0.62 0.58 0.56 0.60 0.62 0.58 0.60 0.60 0.62 0.58 0.58 0.57 0.58 0.54 0.58 0.51 0.55 0.56 0.51 0.60 0.53 0.56 0.49 0.46 0.57 0.58 0.56 0.50 0.59 0.56 0.54 0.54 0.48 0.50
0.57 0.65 0.62 0.62 0.59 0.60 0.61 0.54 0.60 0.57 0.52 0.64 0.52 0.58 0.58 0.62 0.55 0.55 0.51 0.56 0.56 0.58 0.50 0.55 0.54 0.56 0.58 0.54 0.57 0.58 0.56 0.57 0.53 0.55 0.52 0.49 0.53 0.58 0.54 0.54 0.53
0.65 0.61 0.58 0.58 0.60 0.55 0.60 0.60 0.59 0.52 0.64 0.55 0.53 0.63 0.49 0.59 0.60 0.55 0.55 0.56 0.59 0.51 0.53 0.55 0.59 0.56 0.55 0.51 0.55 0.52 0.64 0.52 0.57 0.54 0.53 0.56 0.55 0.53 0.54 0.58 0.54
0.51 0.61 0.60 0.60 0.63 0.55 0.60 0.54 0.63 0.56 0.52 0.53 0.62 0.56 0.62 0.50 0.56 0.54 0.61 0.62 0.55 0.53 0.49 0.56 0.57 0.56 0.54 0.51 0.52 0.53 0.54 0.56 0.58 0.55 0.56 0.53 0.56 0.52 0.56 0.57 0.53
0.56 0.53 0.58 0.54 0.56 0.59 0.58 0.59 0.59 0.56 0.59 0.57 0.58 0.59 0.51 0.53 0.52 0.52 0.55 0.53 0.61 0.57 0.58 0.54 0.52 0.62 0.59 0.52 0.53 0.48 0.56 0.53 0.53 0.59 0.56 0.53 0.52 0.53 0.50 0.53 0.56
0.54 0.54 0.55 0.61 0.57 0.65 0.59 0.59 0.53 0.60 0.54 0.59 0.54 0.54 0.51 0.55 0.48 0.56 0.54 0.52 0.51 0.52 0.59 0.53 0.53 0.53 0.55 0.58 0.54 0.57 0.52 0.50 0.54 0.54 0.53 0.53 0.44 0.55 0.52 0.51 0.54
0.56 0.61 0.57 0.60 0.54 0.58 0.57 0.56 0.58 0.62 0.57 0.59 0.58 0.63 0.58 0.55 0.56 0.57 0.56 0.53 0.53 0.59 0.55 0.52 0.52 0.50 0.53 0.58 0.54 0.54 0.47 0.56 0.57 0.53 0.54 0.51 0.49 0.51 0.49 0.55 0.51
0.56 0.59 0.57 0.60 0.59 0.58 0.60 0.52 0.51 0.59 0.58 0.55 0.51 0.55 0.56 0.58 0.56 0.55 0.54 0.56 0.59 0.55 0.54 0.56 0.50 0.55 0.53 0.51 0.56 0.51 0.54 0.55 0.51 0.51 0.51 0.56 0.54 0.51 0.49 0.50 0.50
0.59 0.61 0.59 0.61 0.60 0.51 0.52 0.63 0.57 0.60 0.56 0.61 0.55 0.56 0.55 0.61 0.56 0.55 0.54 0.48 0.55 0.48 0.54 0.54 0.56 0.56 0.55 0.54 0.54 0.52 0.51 0.54 0.57 0.50 0.51 0.58 0.54 0.53 0.48 0.50 0.49
0.56 0.58 0.56 0.53 0.52 0.55 0.54 0.59 0.57 0.55 0.62 0.52 0.55 0.55 0.51 0.57 0.58 0.54 0.56 0.52 0.54 0.50 0.56 0.57 0.49 0.51 0.53 0.55 0.54 0.61 0.53 0.53 0.54 0.56 0.50 0.53 0.55 0.54 0.53 0.52 0.50
0.54 0.59 0.56 0.60 0.56 0.53 0.52 0.57 0.61 0.55 0.57 0.66 0.51 0.59 0.51 0.57 0.58 0.54 0.55 0.53 0.57 0.52 0.55 0.54 0.61 0.51 0.51 0.53 0.56 0.52 0.51 0.54 0.55 0.54 0.52 0.52 0.49 0.52 0.50 0.51 0.52
0.54 0.55 0.54 0.51 0.55 0.56 0.60 0.50 0.53 0.51 0.57 0.53 0.52 0.57 0.56 0.58 0.62 0.56 0.56 0.51 0.53 0.50 0.50 0.51 0.52 0.55 0.54 0.54 0.59 0.59 0.54 0.52 0.52 0.54 0.55 0.55 0.52 0.52 0.52 0.53 0.52
0.62 0.53 0.59 0.54 0.57 0.56 0.64 0.55 0.54 0.51 0.56 0.54 0.51 0.52 0.51 0.54 0.55 0.55 0.53 0.51 0.56 0.51 0.53 0.57 0.50 0.52 0.56 0.54 0.53 0.49 0.51 0.53 0.55 0.56 0.49 0.56 0.58 0.49 0.56 0.55 0.51
0.59 0.57 0.61 0.53 0.55 0.60 0.51 0.57 0.51 0.56 0.52 0.59 0.53 0.53 0.55 0.52 0.50 0.52 0.62 0.56 0.53 0.54 0.53 0.52 0.55 0.54 0.52 0.55 0.47 0.55 0.55 0.52 0.55 0.54 0.56 0.56 0.55 0.52 0.53 0.47 0.48
0.60 0.55 0.59 0.54 0.57 0.61 0.61 0.55 0.55 0.53 0.56 0.62 0.57 0.52 0.57 0.55 0.51 0.54 0.55 0.60 0.52 0.59 0.55 0.49 0.50 0.52 0.50 0.55 0.52 0.47 0.51 0.52 0.54 0.53 0.55 0.54 0.53 0.51 0.52 0.50 0.51
0.56 0.57 0.60 0.58 0.51 0.52 0.56 0.58 0.58 0.53 0.63 0.51 0.53 0.57 0.54 0.58 0.52 0.54 0.52 0.54 0.50 0.54 0.52 0.52 0.55 0.51 0.49 0.50 0.51 0.53 0.51 0.54 0.54 0.53 0.48 0.55 0.51 0.54 0.54 0.51 0.51
0.56 0.59 0.58 0.51 0.49 0.51 0.50 0.54 0.60 0.53 0.54 0.56 0.56 0.56 0.56 0.51 0.53 0.51 0.50 0.54 0.55 0.53 0.57 0.57 0.49 0.56 0.54 0.54 0.53 0.54 0.56 0.51 0.54 0.50 0.52 0.51 0.54 0.50 0.54 0.50 0.52
0.59 0.59 0.51 0.54 0.50 0.52 0.59 0.53 0.51 0.54 0.54 0.55 0.57 0.56 0.51 0.49 0.52 0.56 0.51 0.53 0.57 0.56 0.57 0.51 0.53 0.56 0.52 0.51 0.53 0.51 0.47 0.51 0.48 0.54 0.56 0.52 0.52 0.46 0.51 0.49 0.51
0.55 0.53 0.58 0.55 0.54 0.55 0.56 0.56 0.50 0.55 0.53 0.54 0.54 0.52 0.53 0.52 0.58 0.58 0.57 0.55 0.51 0.57 0.51 0.53 0.51 0.53 0.52 0.50 0.48 0.52 0.55 0.52 0.51 0.52 0.60 0.53 0.49 0.51 0.56 0.52 0.55
0.51 0.57 0.53 0.54 0.57 0.58 0.58 0.60 0.54 0.53 0.58 0.49 0.56 0.55 0.49 0.51 0.53 0.54 0.55 0.51 0.55 0.54 0.54 0.51 0.55 0.54 0.51 0.50 0.55 0.54 0.50 0.53 0.53 0.56 0.51 0.52 0.53 0.53 0.54 0.52 0.51
