0.99 0.95 0.96 0.95 0.98 0.99 0.94 0.97 0.97 0.95 0.98 0.96 0.94 0.92 0.96 0.93 0.90 0.95 0.93 0.87 0.89 0.90 0.88 0.83 0.87 0.87 0.85 0.82 0.81 0.82 0.84 0.77 0.76 0.80 0.81 0.73 0.76 0.80 0.72 0.77 0.75
0.96 0.96 0.93 0.98 0.98 0.98 0.98 0.96 0.93 0.96 0.87 0.91 0.93 0.95 0.92 0.93 0.90 0.86 0.86 0.93 0.87 0.86 0.92 0.88 0.77 0.88 0.85 0.86 0.77 0.77 0.84 0.78 0.76 0.77 0.80 0.70 0.80 0.79 0.70 0.74 0.74
0.94 0.98 0.97 0.95 0.93 0.97 0.92 0.94 0.91 0.91 0.97 0.89 0.94 0.92 0.89 0.89 0.91 0.93 0.89 0.88 0.82 0.82 0.83 0.75 0.84 0.74 0.82 0.74 0.82 0.75 0.81 0.80 0.81 0.81 0.71 0.76 0.81 0.79 0.72 0.73 0.75
0.91 0.94 0.91 0.91 0.94 0.92 0.95 0.94 0.93 0.93 0.91 0.94 0.94 0.88 0.91 0.85 0.85 0.87 0.84 0.84 0.83 0.86 0.85 0.84 0.75 0.78 0.77 0.82 0.78 0.83 0.77 0.75 0.78 0.71 0.75 0.73 0.76 0.75 0.80 0.73 0.76
0.92 0.90 0.90 0.91 0.92 0.92 0.90 0.92 0.92 0.87 0.90 0.87 0.92 0.88 0.91 0.91 0.90 0.88 0.87 0.82 0.81 0.82 0.88 0.79 0.90 0.77 0.82 0.78 0.72 0.85 0.71 0.77 0.77 0.66 0.73 0.70 0.74 0.69 0.76 0.66 0.68
0.90 0.86 0.89 0.89 0.89 0.90 0.90 0.90 0.92 0.90 0.85 0.90 0.91 0.83 0.81 0.85 0.87 0.83 0.85 0.77 0.74 0.78 0.85 0.71 0.78 0.71 0.75 0.71 0.79 0.82 0.78 0.67 0.73 0.73 0.75 0.76 0.68 0.71 0.72 0.78 0.68
0.92 0.91 0.90 0.88 0.88 0.90 0.93 0.89 0.86 0.90 0.86 0.89 0.91 0.85 0.87 0.85 0.86 0.83 0.85 0.87 0.78 0.76 0.79 0.85 0.70 0.77 0.72 0.77 0.67 0.78 0.78 0.79 0.78 0.69 0.73 0.74 0.71 0.71 0.74 0.75 0.66
0.87 0.91 0.91 0.91 0.89 0.88 0.89 0.86 0.85 0.86 0.84 0.81 0.90 0.87 0.81 0.85 0.82 0.85 0.83 0.85 0.89 0.72 0.83 0.73 0.75 0.74 0.74 0.78 0.74 0.73 0.78 0.66 0.71 0.74 0.62 0.76 0.79 0.66 0.74 0.75 0.76
0.89 0.87 0.89 0.88 0.90 0.89 0.89 0.89 0.88 0.88 0.82 0.89 0.85 0.85 0.77 0.80 0.78 0.74 0.70 0.79 0.75 0.75 0.78 0.74 0.76 0.73 0.81 0.78 0.72 0.70 0.68 0.67 0.75 0.67 0.71 0.74 0.73 0.69 0.71 0.74 0.68
0.88 0.87 0.90 0.86 0.84 0.91 0.87 0.87 0.86 0.87 0.85 0.81 0.82 0.90 0.79 0.79 0.80 0.78 0.78 0.78 0.80 0.82 0.81 0.73 0.74 0.78 0.71 0.68 0.79 0.77 0.76 0.67 0.74 0.71 0.67 0.72 0.72 0.73 0.63 0.69 0.66
0.88 0.86 0.87 0.86 0.80 0.87 0.83 0.88 0.86 0.78 0.83 0.79 0.87 0.80 0.79 0.75 0.80 0.84 0.71 0.69 0.76 0.74 0.71 0.78 0.69 0.76 0.68 0.68 0.74 0.75 0.76 0.66 0.73 0.76 0.73 0.64 0.66 0.69 0.63 0.64 0.69
0.81 0.84 0.87 0.89 0.84 0.89 0.86 0.87 0.86 0.84 0.80 0.77 0.77 0.85 0.76 0.83 0.76 0.69 0.78 0.77 0.75 0.76 0.65 0.81 0.75 0.73 0.74 0.67 0.73 0.74 0.75 0.73 0.71 0.70 0.75 0.65 0.70 0.70 0.64 0.73 0.69
0.86 0.83 0.82 0.85 0.82 0.84 0.78 0.84 0.82 0.79 0.84 0.78 0.81 0.75 0.77 0.76 0.82 0.74 0.79 0.75 0.80 0.68 0.69 0.69 0.70 0.71 0.73 0.68 0.74 0.73 0.73 0.73 0.70 0.65 0.71 0.65 0.67 0.65 0.71 0.75 0.68
0.80 0.85 0.84 0.76 0.80 0.82 0.82 0.83 0.76 0.79 0.77 0.84 0.77 0.83 0.83 0.77 0.74 0.76 0.75 0.77 0.77 0.74 0.74 0.68 0.69 0.68 0.70 0.72 0.73 0.62 0.64 0.65 0.73 0.73 0.69 0.65 0.67 0.67 0.62 0.63 0.62
0.80 0.82 0.87 0.84 0.75 0.86 0.80 0.81 0.82 0.80 0.84 0.76 0.77 0.80 0.74 0.73 0.73 0.76 0.78 0.72 0.68 0.76 0.72 0.78 0.76 0.74 0.73 0.67 0.70 0.66 0.68 0.67 0.75 0.67 0.68 0.64 0.72 0.74 0.70 0.70 0.71
0.80 0.81 0.87 0.80 0.82 0.78 0.79 0.75 0.76 0.77 0.81 0.86 0.75 0.72 0.80 0.72 0.73 0.77 0.73 0.71 0.70 0.71 0.73 0.73 0.69 0.67 0.65 0.68 0.71 0.76 0.68 0.74 0.60 0.68 0.59 0.64 0.74 0.66 0.65 0.68 0.69
0.76 0.79 0.78 0.78 0.83 0.81 0.74 0.81 0.79 0.71 0.73 0.76 0.74 0.75 0.72 0.79 0.76 0.77 0.68 0.72 0.69 0.72 0.71 0.69 0.68 0.67 0.64 0.62 0.68 0.66 0.69 0.63 0.60 0.68 0.68 0.68 0.66 0.68 0.65 0.64 0.61
0.83 0.81 0.80 0.84 0.80 0.77 0.79 0.81 0.74 0.79 0.73 0.76 0.79 0.74 0.68 0.73 0.74 0.66 0.73 0.67 0.66 0.64 0.65 0.64 0.63 0.69 0.66 0.74 0.68 0.62 0.65 0.74 0.70 0.70 0.62 0.67 0.66 0.56 0.64 0.62 0.63
0.77 0.80 0.77 0.79 0.79 0.79 0.79 0.74 0.77 0.79 0.73 0.70 0.76 0.71 0.72 0.71 0.72 0.70 0.70 0.70 0.68 0.70 0.68 0.65 0.66 0.74 0.65 0.67 0.67 0.74 0.69 0.77 0.73 0.68 0.66 0.62 0.68 0.63 0.58 0.71 0.63
0.78 0.79 0.74 0.78 0.73 0.77 0.78 0.78 0.77 0.78 0.72 0.75 0.81 0.71 0.75 0.75 0.70 0.73 0.71 0.65 0.70 0.71 0.66 0.66 0.65 0.68 0.70 0.63 0.70 0.67 0.62 0.65 0.68 0.65 0.68 0.68 0.64 0.65 0.64 0.65 0.58
0.74 0.74 0.75 0.79 0.73 0.76 0.79 0.77 0.72 0.77 0.69 0.77 0.73 0.67 0.72 0.72 0.73 0.65 0.71 0.70 0.65 0.67 0.73 0.69 0.62 0.67 0.65 0.74 0.66 0.66 0.69 0.68 0.63 0.62 0.63 0.62 0.61 0.64 0.67 0.63 0.66
0.79 0.74 0.76 0.74 0.75 0.83 0.78 0.73 0.74 0.70 0.73 0.78 0.72 0.67 0.69 0.72 0.69 0.76 0.70 0.74 0.58 0.67 0.64 0.72 0.68 0.65 0.67 0.66 0.63 0.65 0.71 0.61 0.65 0.62 0.60 0.67 0.63 0.64 0.66 0.70 0.68
0.75 0.73 0.77 0.76 0.73 0.76 0.68 0.75 0.73 0.77 0.75 0.71 0.76 0.72 0.72 0.63 0.77 0.69 0.68 0.65 0.67 0.68 0.66 0.66 0.63 0.68 0.72 0.70 0.65 0.68 0.66 0.62 0.66 0.59 0.66 0.70 0.69 0.66 0.55 0.61 0.60
0.73 0.75 0.72 0.75 0.76 0.72 0.80 0.73 0.67 0.77 0.73 0.66 0.76 0.65 0.71 0.73 0.66 0.67 0.74 0.70 0.62 0.62 0.67 0.67 0.69 0.59 0.64 0.71 0.61 0.63 0.63 0.64 0.60 0.58 0.63 0.54 0.68 0.66 0.66 0.64 0.57
0.74 0.69 0.73 0.74 0.76 0.75 0.78 0.73 0.72 0.73 0.73 0.67 0.74 0.69 0.64 0.72 0.62 0.72 0.73 0.68 0.72 0.66 0.61 0.68 0.60 0.70 0.66 0.64 0.60 0.64 0.65 0.62 0.58 0.61 0.65 0.60 0.62 0.58 0.55 0.65 0.64
0.71 0.74 0.70 0.76 0.68 0.72 0.71 0.71 0.69 0.80 0.75 0.71 0.69 0.67 0.70 0.66 0.64 0.63 0.65 0.61 0.65 0.65 0.68 0.66 0.61 0.72 0.67 0.60 0.62 0.65 0.59 0.66 0.60 0.67 0.63 0.68 0.63 0.62 0.68 0.60 0.57
0.69 0.74 0.72 0.71 0.72 0.75 0.73 0.70 0.71 0.69 0.71 0.66 0.72 0.67 0.70 0.70 0.69 0.70 0.74 0.59 0.64 0.61 0.63 0.68 0.65 0.68 0.61 0.60 0.64 0.64 0.61 0.62 0.66 0.62 0.60 0.62 0.58 0.60 0.60 0.52 0.57
0.72 0.74 0.72 0.68 0.78 0.71 0.69 0.72 0.76 0.69 0.70 0.72 0.71 0.68 0.69 0.65 0.69 0.67 0.70 0.63 0.67 0.61 0.69 0.61 0.59 0.68 0.60 0.64 0.62 0.61 0.64 0.62 0.62 0.64 0.64 0.61 0.58 0.59 0.64 0.61 0.61
0.69 0.69 0.70 0.69 0.67 0.70 0.71 0.74 0.69 0.75 0.72 0.73 0.68 0.65 0.67 0.67 0.63 0.64 0.63 0.66 0.65 0.62 0.69 0.64 0.66 0.67 0.57 0.57 0.59 0.61 0.62 0.63 0.63 0.63 0.63 0.58 0.65 0.64 0.59 0.56 0.58
0.71 0.73 0.70 0.72 0.67 0.74 0.69 0.72 0.70 0.72 0.66 0.66 0.64 0.63 0.65 0.65 0.61 0.67 0.65 0.67 0.63 0.69 0.65 0.68 0.62 0.61 0.55 0.62 0.60 0.63 0.63 0.62 0.66 0.63 0.61 0.58 0.64 0.57 0.58 0.59 0.59
0.70 0.75 0.69 0.69 0.69 0.71 0.73 0.72 0.66 0.63 0.63 0.69 0.67 0.64 0.59 0.65 0.66 0.65 0.64 0.62 0.66 0.62 0.61 0.59 0.57 0.62 0.61 0.65 0.59 0.58 0.64 0.60 0.61 0.60 0.61 0.57 0.61 0.59 0.59 0.54 0.62
0.67 0.67 0.67 0.69 0.68 0.71 0.74 0.68 0.67 0.71 0.68 0.62 0.71 0.60 0.69 0.61 0.65 0.66 0.66 0.66 0.66 0.64 0.65 0.48 0.55 0.61 0.61 0.57 0.54 0.59 0.66 0.57 0.59 0.53 0.64 0.61 0.60 0.54 0.59 0.58 0.57
0.69 0.67 0.65 0.66 0.68 0.67 0.64 0.67 0.67 0.72 0.68 0.62 0.69 0.69 0.68 0.57 0.68 0.61 0.59 0.65 0.62 0.63 0.64 0.65 0.61 0.61 0.66 0.56 0.60 0.63 0.61 0.58 0.63 0.58 0.60 0.59 0.58 0.60 0.58 0.59 0.64
0.68 0.69 0.70 0.66 0.66 0.63 0.70 0.67 0.67 0.63 0.64 0.65 0.62 0.69 0.62 0.63 0.63 0.66 0.62 0.64 0.58 0.62 0.66 0.63 0.66 0.63 0.62 0.58 0.59 0.62 0.61 0.63 0.56 0.63 0.55 0.62 0.54 0.54 0.60 0.60 0.65
0.65 0.65 0.71 0.69 0.66 0.66 0.70 0.66 0.59 0.64 0.69 0.68 0.57 0.65 0.63 0.68 0.62 0.63 0.61 0.64 0.61 0.64 0.67 0.68 0.58 0.67 0.62 0.65 0.61 0.56 0.59 0.58 0.61 0.59 0.59 0.56 0.57 0.57 0.53 0.59 0.55
0.63 0.64 0.68 0.65 0.67 0.63 0.67 0.64 0.67 0.64 0.65 0.63 0.63 0.61 0.54 0.64 0.59 0.65 0.57 0.63 0.57 0.65 0.58 0.56 0.62 0.53 0.58 0.60 0.59 0.63 0.60 0.60 0.57 0.60 0.57 0.59 0.57 0.51 0.58 0.54 0.61
0.66 0.66 0.65 0.67 0.66 0.70 0.64 0.67 0.61 0.64 0.57 0.71 0.66 0.68 0.64 0.66 0.62 0.60 0.62 0.69 0.63 0.59 0.54 0.55 0.62 0.60 0.62 0.61 0.59 0.61 0.58 0.62 0.56 0.51 0.58 0.60 0.56 0.51 0.64 0.58 0.63
0.59 0.65 0.71 0.68 0.63 0.64 0.68 0.63 0.65 0.61 0.62 0.68 0.65 0.65 0.62 0.63 0.60 0.56 0.58 0.59 0.62 0.59 0.59 0.58 0.62 0.58 0.64 0.59 0.61 0.59 0.58 0.54 0.49 0.58 0.62 0.58 0.56 0.56 0.59 0.61 0.58
0.65 0.65 0.66 0.67 0.65 0.67 0.68 0.63 0.63 0.62 0.66 0.60 0.68 0.62 0.56 0.61 0.52 0.63 0.61 0.58 0.63 0.63 0.58 0.59 0.59 0.55 0.56 0.57 0.57 0.60 0.51 0.67 0.55 0.61 0.57 0.61 0.66 0.61 0.59 0.59 0.58
0.64 0.61 0.59 0.57 0.65 0.64 0.70 0.61 0.69 0.66 0.62 0.67 0.67 0.60 0.63 0.59 0.63 0.65 0.63 0.54 0.65 0.58 0.58 0.64 0.55 0.60 0.61 0.56 0.55 0.64 0.55 0.58 0.58 0.58 0.54 0.60 0.57 0.54 0.56 0.55 0.56
0.64 0.62 0.60 0.63 0.62 0.64 0.66 0.62 0.60 0.65 0.63 0.56 0.67 0.65 0.60 0.60 0.58 0.57 0.61 0.59 0.61 0.55 0.61 0.55 0.59 0.58 0.59 0.58 0.60 0.55 0.63 0.53 0.53 0.58 0.63 0.57 0.56 0.61 0.59 0.57 0.56
